Time [s of week]         phi [財      lambda [財     h [m]
       221000.0  46.97941679167  15.42819870833    381.641
       221001.0  46.97942001667  15.42819977778    380.941
       221002.0  46.97941892778  15.42820595278    381.082
       221003.0  46.97942034444  15.42820038333    381.136
       221004.0  46.97942041111  15.42820519444    382.029
       221005.0  46.97941930556  15.42820025000    381.946
       221006.0  46.97942111389  15.42820250833    381.788
       221007.0  46.97942045556  15.42820579444    382.034
       221008.0  46.97942025833  15.42820858889    382.326
       221009.0  46.97941560556  15.42820579444    382.351
       221010.0  46.97941621667  15.42820655556    383.058
       221011.0  46.97941726667  15.42820457222    382.924
       221012.0  46.97941902222  15.42820440556    382.305
       221013.0  46.97941896111  15.42820305278    382.566
       221014.0  46.97942048889  15.42820339722    382.970
       221015.0  46.97941981111  15.42820458889    383.358
       221016.0  46.97942291111  15.42820364722    382.635
       221017.0  46.97942276944  15.42820592778    381.693
       221018.0  46.97942065278  15.42820442222    381.703
       221019.0  46.97942070556  15.42820496944    381.510
       221020.0  46.97942245833  15.42820736944    381.289
       221021.0  46.97942575556  15.42820652500    381.420
       221022.0  46.97942170556  15.42821196944    381.848
       221023.0  46.97941945556  15.42820892500    382.235
       221024.0  46.97941885278  15.42820369444    382.590
       221025.0  46.97942285278  15.42820573333    382.564
       221026.0  46.97941992222  15.42821175000    382.449
       221027.0  46.97942042222  15.42820689167    382.831
       221028.0  46.97941961944  15.42820539167    382.128
       221029.0  46.97941885556  15.42820252222    381.842
       221030.0  46.97941812222  15.42820596111    382.030
       221031.0  46.97941874444  15.42820626111    382.429
       221032.0  46.97942090556  15.42820576389    381.842
       221033.0  46.97942365278  15.42820909167    381.168
       221034.0  46.97941941111  15.42820466111    381.583
       221035.0  46.97941946111  15.42820728333    382.261
       221036.0  46.97941915000  15.42820479722    381.988
       221037.0  46.97942327500  15.42820676389    382.068
       221038.0  46.97942073889  15.42820925000    381.985
       221039.0  46.97941558611  15.42820560000    382.364
       221040.0  46.97941500000  15.42820163333    382.579
       221041.0  46.97941723611  15.42820498611    381.903
       221042.0  46.97941994444  15.42820564167    381.542
       221043.0  46.97942003056  15.42820632500    381.147
       221044.0  46.97941756389  15.42820498056    381.054
       221045.0  46.97941676389  15.42820773333    381.680
       221046.0  46.97941752222  15.42820339167    381.755
       221047.0  46.97941870556  15.42820416389    381.645
       221048.0  46.97941897222  15.42820557500    382.403
       221049.0  46.97941621111  15.42820715000    382.296
       221050.0  46.97941941111  15.42821172500    382.540
       221051.0  46.97941350833  15.42820462500    382.442
       221052.0  46.97941591389  15.42820982500    381.857
       221053.0  46.97941959167  15.42820739167    381.664
       221054.0  46.97941974722  15.42820825833    382.063
       221055.0  46.97942101389  15.42820360833    381.783
       221056.0  46.97942083889  15.42820428889    381.931
       221057.0  46.97941933889  15.42820718611    382.389
       221058.0  46.97941741389  15.42820990833    383.029
       221059.0  46.97942175833  15.42820695000    382.720
       221060.0  46.97941921944  15.42820312500    382.592
       221061.0  46.97941982500  15.42820198056    382.163
       221062.0  46.97941935000  15.42820191111    382.487
       221063.0  46.97941702778  15.42820372222    382.638
       221064.0  46.97942116389  15.42820326111    382.710
       221065.0  46.97941823056  15.42821035000    382.800
       221066.0  46.97941734722  15.42820956389    382.081
       221067.0  46.97941521111  15.42820636944    382.096
       221068.0  46.97941868333  15.42820692778    382.221
       221069.0  46.97941955556  15.42820908889    382.163
       221070.0  46.97941643333  15.42820887778    382.708
       221071.0  46.97941567222  15.42820742500    382.999
       221072.0  46.97942168333  15.42820313611    382.998
       221073.0  46.97941963611  15.42820764167    382.647
       221074.0  46.97941783611  15.42821001111    382.664
       221075.0  46.97941936389  15.42820470278    382.673
       221076.0  46.97942050833  15.42820321389    381.943
       221077.0  46.97942276667  15.42820570000    381.362
       221078.0  46.97942184722  15.42820165556    380.830
       221079.0  46.97941736944  15.42820347222    381.642
       221080.0  46.97941986944  15.42820396111    381.993
       221081.0  46.97942246667  15.42820040556    381.380
       221082.0  46.97942062778  15.42821084444    380.996
       221083.0  46.97942411389  15.42820675833    381.016
       221084.0  46.97942278889  15.42820805556    382.474
       221085.0  46.97942095278  15.42820643056    382.316
       221086.0  46.97941861944  15.42820405556    381.459
       221087.0  46.97942099167  15.42820282778    381.243
       221088.0  46.97941887778  15.42820696944    381.542
       221089.0  46.97942190278  15.42820671111    381.095
       221090.0  46.97941975278  15.42820458889    380.367
       221091.0  46.97941883889  15.42820164444    380.499
       221092.0  46.97941653889  15.42819818889    381.190
       221093.0  46.97941373056  15.42820235556    382.253
       221094.0  46.97941595833  15.42820373889    382.764
       221095.0  46.97941754722  15.42820738889    382.557
       221096.0  46.97941952222  15.42820386944    381.504
       221097.0  46.97941906944  15.42820652222    381.493
       221098.0  46.97941916111  15.42820618333    382.034
       221099.0  46.97941637500  15.42820644722    382.370
       221100.0  46.97941687500  15.42820223889    381.883
       221101.0  46.97941998333  15.42819962500    382.681
       221102.0  46.97941928333  15.42820180000    382.059
       221103.0  46.97942150000  15.42820857222    382.270
       221104.0  46.97941940833  15.42820593889    382.041
       221105.0  46.97941907500  15.42820576111    382.044
       221106.0  46.97941645833  15.42820255556    382.197
       221107.0  46.97941950556  15.42820507500    382.076
       221108.0  46.97942053333  15.42820482222    381.970
       221109.0  46.97941937500  15.42821010556    382.226
       221110.0  46.97941547222  15.42820411111    383.026
       221111.0  46.97942027222  15.42820535556    383.150
       221112.0  46.97941658056  15.42820773056    382.964
       221113.0  46.97941556667  15.42820942500    382.869
       221114.0  46.97941811389  15.42820794444    382.354
       221115.0  46.97942070278  15.42820464722    382.443
       221116.0  46.97942228333  15.42820315833    382.492
       221117.0  46.97942068889  15.42820444167    382.869
       221118.0  46.97942016667  15.42820678889    382.899
       221119.0  46.97942411111  15.42820733889    382.028
       221120.0  46.97942129722  15.42820803889    381.646
       221121.0  46.97941900278  15.42820958611    381.601
       221122.0  46.97942086389  15.42820594167    381.226
       221123.0  46.97942029444  15.42820470833    381.445
       221124.0  46.97941907500  15.42820895278    382.230
       221125.0  46.97941859722  15.42820499167    381.566
       221126.0  46.97941568611  15.42820266944    381.519
       221127.0  46.97942104722  15.42820733611    381.392
       221128.0  46.97942025556  15.42820156389    381.142
       221129.0  46.97941886111  15.42820684722    381.413
       221130.0  46.97941963056  15.42820499167    381.935
       221131.0  46.97941745556  15.42820341667    382.942
       221132.0  46.97941719444  15.42820689444    382.964
       221133.0  46.97941769722  15.42821186667    383.010
       221134.0  46.97941987500  15.42820935556    382.163
       221135.0  46.97942290556  15.42820594444    381.745
       221136.0  46.97942151944  15.42820766111    381.161
       221137.0  46.97942374167  15.42820650278    381.093
       221138.0  46.97942454444  15.42820946944    381.893
       221139.0  46.97942061667  15.42820625278    381.513
       221140.0  46.97941917222  15.42820661667    381.910
       221141.0  46.97941718889  15.42820627500    381.891
       221142.0  46.97941167778  15.42821161389    382.136
       221143.0  46.97941835000  15.42821219444    382.862
       221144.0  46.97941999444  15.42820854444    382.086
       221145.0  46.97942200278  15.42820751111    381.561
       221146.0  46.97942535278  15.42820636389    381.252
       221147.0  46.97942083333  15.42820431111    381.796
       221148.0  46.97942244722  15.42820316111    382.183
       221149.0  46.97942003056  15.42820588889    382.683
       221150.0  46.97942034722  15.42820666111    382.320
       221151.0  46.97941519167  15.42820174444    382.006
       221152.0  46.97942075278  15.42820249722    381.720
       221153.0  46.97941803611  15.42820158611    382.678
       221154.0  46.97941751389  15.42820404167    382.821
       221155.0  46.97941844722  15.42820158889    383.008
       221156.0  46.97941831944  15.42820335278    382.790
       221157.0  46.97941997778  15.42820617778    383.090
       221158.0  46.97941849167  15.42820764167    383.238
       221159.0  46.97941888889  15.42820665000    382.186
       221160.0  46.97942017778  15.42820920278    381.885
       221161.0  46.97942332778  15.42820736111    381.108
       221162.0  46.97941869722  15.42820556389    380.985
       221163.0  46.97942247222  15.42821583333    381.358
       221164.0  46.97941841389  15.42821139444    381.207
       221165.0  46.97942140833  15.42821107500    381.616
       221166.0  46.97941845833  15.42820944167    381.365
       221167.0  46.97941985000  15.42821051944    382.196
       221168.0  46.97941893889  15.42820275556    381.930
       221169.0  46.97941898611  15.42820381944    381.587
       221170.0  46.97942222778  15.42820499167    381.698
       221171.0  46.97941913889  15.42820729167    381.007
       221172.0  46.97941976389  15.42820655556    381.397
       221173.0  46.97941971111  15.42820693611    381.937
       221174.0  46.97941671944  15.42820357222    382.275
       221175.0  46.97942059167  15.42820251389    382.277
       221176.0  46.97942299444  15.42820455556    382.205
       221177.0  46.97941899444  15.42820468056    382.187
       221178.0  46.97941851111  15.42820145278    381.064
       221179.0  46.97941514444  15.42820022500    381.499
       221180.0  46.97941803333  15.42820164444    382.382
       221181.0  46.97941947222  15.42820070000    382.031
       221182.0  46.97942386389  15.42820351667    382.030
       221183.0  46.97942406944  15.42820635278    380.894
       221184.0  46.97942489167  15.42820539444    381.574
       221185.0  46.97941939722  15.42820872778    382.027
       221186.0  46.97942114444  15.42821182778    382.111
       221187.0  46.97941910278  15.42820495278    382.471
       221188.0  46.97941946389  15.42820465000    381.756
       221189.0  46.97941743611  15.42820670556    381.174
       221190.0  46.97941745833  15.42820843056    381.093
       221191.0  46.97941648056  15.42820594722    381.713
       221192.0  46.97941446944  15.42820905833    381.136
       221193.0  46.97941630833  15.42820370278    381.530
       221194.0  46.97941305833  15.42820300000    381.547
       221195.0  46.97941612500  15.42820220278    381.546
       221196.0  46.97941588889  15.42820426944    381.320
       221197.0  46.97941946944  15.42820466667    380.700
       221198.0  46.97942099167  15.42820735000    381.062
       221199.0  46.97942079722  15.42820174722    381.644
       221200.0  46.97942281667  15.42820490000    381.288
       221201.0  46.97941999722  15.42820390556    381.560
       221202.0  46.97941568889  15.42820913889    382.312
       221203.0  46.97941861944  15.42820529444    382.366
       221204.0  46.97941954444  15.42821263333    381.732
       221205.0  46.97941677500  15.42821090000    382.661
       221206.0  46.97941266111  15.42820694722    382.456
       221207.0  46.97941259722  15.42820564444    381.862
       221208.0  46.97941973333  15.42820304167    381.816
       221209.0  46.97941777778  15.42820272778    381.543
       221210.0  46.97942151111  15.42820037778    380.858
       221211.0  46.97942208333  15.42820404722    381.079
       221212.0  46.97942276944  15.42820569444    381.434
       221213.0  46.97942067778  15.42820435000    381.842
       221214.0  46.97942092500  15.42820669444    382.156
       221215.0  46.97941901389  15.42820439444    381.977
       221216.0  46.97941850278  15.42820438611    381.612
       221217.0  46.97942063056  15.42820697222    380.851
       221218.0  46.97942052500  15.42820456389    381.646
       221219.0  46.97941746667  15.42820172500    382.468
       221220.0  46.97941831944  15.42820515278    383.077
       221221.0  46.97942212222  15.42820730833    382.326
       221222.0  46.97942118056  15.42820299167    381.866
       221223.0  46.97942096944  15.42820980278    381.974
       221224.0  46.97941555278  15.42820891667    382.536
       221225.0  46.97941554444  15.42821154722    381.890
       221226.0  46.97941719167  15.42820765833    381.773
       221227.0  46.97942223611  15.42820703056    381.296
       221228.0  46.97941868056  15.42820485000    380.567
       221229.0  46.97942182222  15.42820726667    381.431
       221230.0  46.97941715556  15.42820438889    381.741
       221231.0  46.97941761667  15.42820424722    381.013
       221232.0  46.97942128611  15.42820936389    381.802
       221233.0  46.97941931944  15.42820863889    381.713
       221234.0  46.97941729167  15.42820631111    380.542
       221235.0  46.97941759167  15.42820426389    381.517
       221236.0  46.97941961944  15.42820205278    381.291
       221237.0  46.97942051944  15.42820205278    381.848
       221238.0  46.97942081944  15.42820189167    382.288
       221239.0  46.97941589167  15.42819969444    382.298
       221240.0  46.97941722500  15.42820131667    382.266
       221241.0  46.97941815556  15.42820688056    382.498
       221242.0  46.97941798611  15.42821268333    381.895
       221243.0  46.97942047500  15.42821251111    381.132
       221244.0  46.97942231111  15.42821156111    380.805
       221245.0  46.97942309722  15.42820929722    380.831
       221246.0  46.97942015278  15.42820607222    381.801
       221247.0  46.97941819722  15.42820550833    381.652
       221248.0  46.97942274444  15.42820993889    381.875
       221249.0  46.97942304444  15.42820842500    382.048
       221250.0  46.97941957222  15.42820588889    381.974
       221251.0  46.97941958056  15.42820345000    381.542
       221252.0  46.97941840833  15.42820703889    381.998
       221253.0  46.97941771944  15.42820766111    382.296
       221254.0  46.97942093611  15.42820240833    381.938
       221255.0  46.97942314444  15.42820423333    382.011
       221256.0  46.97941937500  15.42820195000    381.953
       221257.0  46.97942268333  15.42820443056    381.913
       221258.0  46.97941605000  15.42820428056    382.482
       221259.0  46.97941715833  15.42820460833    382.318
       221260.0  46.97941598889  15.42820315556    382.914
       221261.0  46.97941424444  15.42820446667    383.075
       221262.0  46.97940930833  15.42818430278    382.603
       221263.0  46.97940490278  15.42815161389    382.300
       221264.0  46.97939828056  15.42811091667    382.421
       221265.0  46.97938905833  15.42806172500    382.126
       221266.0  46.97937742778  15.42801660833    381.541
       221267.0  46.97936661111  15.42796627500    381.858
       221268.0  46.97935761389  15.42791600000    382.193
       221269.0  46.97934465278  15.42786782778    382.647
       221270.0  46.97932781389  15.42782641389    381.493
       221271.0  46.97930391944  15.42780924167    381.067
       221272.0  46.97927686389  15.42781267500    381.342
       221273.0  46.97925003611  15.42783927222    382.090
       221274.0  46.97923919444  15.42788376111    381.587
       221275.0  46.97924320556  15.42793389722    381.911
       221276.0  46.97925245556  15.42798492778    380.896
       221277.0  46.97926349444  15.42803825000    380.582
       221278.0  46.97926864722  15.42808988333    381.709
       221279.0  46.97927607500  15.42814545000    382.201
       221280.0  46.97928709722  15.42819783611    382.574
       221281.0  46.97929790556  15.42825058056    382.413
       221282.0  46.97931254722  15.42830338333    381.575
       221283.0  46.97932618333  15.42835728611    381.319
       221284.0  46.97933615833  15.42840803889    381.565
       221285.0  46.97935297222  15.42846168889    381.670
       221286.0  46.97936926389  15.42850671389    381.743
       221287.0  46.97939379722  15.42852725833    382.276
       221288.0  46.97942631389  15.42852230556    382.359
       221289.0  46.97944701667  15.42848730556    382.792
       221290.0  46.97945600556  15.42843955278    382.244
       221291.0  46.97944902222  15.42838665278    382.176
       221292.0  46.97943835278  15.42832781667    381.628
       221293.0  46.97942673889  15.42827438056    382.006
       221294.0  46.97941559444  15.42822199444    382.440
       221295.0  46.97940287500  15.42816968889    382.455
       221296.0  46.97939476389  15.42810999444    381.972
       221297.0  46.97938280833  15.42804873889    381.437
       221298.0  46.97936589722  15.42798981944    382.043
       221299.0  46.97934988889  15.42792920556    382.291
       221300.0  46.97933870000  15.42786970278    382.214
       221301.0  46.97932866944  15.42781827500    381.949
       221302.0  46.97930823333  15.42776475556    381.279
       221303.0  46.97927854722  15.42773281389    381.167
       221304.0  46.97923763056  15.42773491111    381.707
       221305.0  46.97921604167  15.42777179167    380.994
       221306.0  46.97920915556  15.42782318611    380.661
       221307.0  46.97921591944  15.42787661667    380.911
       221308.0  46.97922868611  15.42793325556    382.122
       221309.0  46.97924034444  15.42798525556    382.700
       221310.0  46.97925068611  15.42804181667    382.193
       221311.0  46.97926427500  15.42810033333    381.819
       221312.0  46.97927816389  15.42816080556    381.507
       221313.0  46.97929481111  15.42821785556    381.598
       221314.0  46.97930509722  15.42827107778    381.625
       221315.0  46.97931766944  15.42832293611    381.456
       221316.0  46.97933216944  15.42837655278    381.217
       221317.0  46.97934383333  15.42843247500    382.011
       221318.0  46.97936680833  15.42847786944    382.098
       221319.0  46.97939642222  15.42849646944    382.190
       221320.0  46.97942270278  15.42848651111    381.666
       221321.0  46.97944359722  15.42844749167    382.526
       221322.0  46.97944395556  15.42839639167    383.033
       221323.0  46.97943913611  15.42834062500    382.556
       221324.0  46.97943091667  15.42828247222    382.551
       221325.0  46.97942061111  15.42821749722    382.933
       221326.0  46.97940724444  15.42816179444    382.775
       221327.0  46.97939220556  15.42810425278    382.700
       221328.0  46.97937707778  15.42804025000    382.877
       221329.0  46.97936515833  15.42797359444    383.109
       221330.0  46.97935311667  15.42791220556    383.172
       221331.0  46.97933798056  15.42784893889    383.004
       221332.0  46.97932640833  15.42779042500    382.447
       221333.0  46.97930858611  15.42773543889    381.360
       221334.0  46.97928160000  15.42769984444    381.287
       221335.0  46.97924609167  15.42769278889    381.785
       221336.0  46.97921816389  15.42772163611    381.547
       221337.0  46.97920684444  15.42777046389    381.744
       221338.0  46.97921479722  15.42782568333    381.345
       221339.0  46.97921916111  15.42787697500    382.381
       221340.0  46.97923392778  15.42793055278    382.718
       221341.0  46.97924615833  15.42798710278    383.103
       221342.0  46.97926085833  15.42804108611    382.623
       221343.0  46.97927235556  15.42810223889    382.471
       221344.0  46.97928917778  15.42816746944    381.834
       221345.0  46.97930192222  15.42822803056    382.147
       221346.0  46.97931551111  15.42829620556    382.135
       221347.0  46.97932604167  15.42835499722    382.089
       221348.0  46.97933457500  15.42841304722    382.125
       221349.0  46.97934928889  15.42846873056    382.673
       221350.0  46.97937536389  15.42850368056    382.428
       221351.0  46.97941330000  15.42851135833    381.523
       221352.0  46.97944080556  15.42847619444    380.654
       221353.0  46.97945439722  15.42843248889    380.975
       221354.0  46.97945144167  15.42837619167    381.861
       221355.0  46.97944356944  15.42831726944    382.113
       221356.0  46.97942978056  15.42825505278    382.636
       221357.0  46.97941480000  15.42819503056    382.910
       221358.0  46.97939974444  15.42812575000    383.041
       221359.0  46.97938355833  15.42805923611    382.319
       221360.0  46.97937009722  15.42799401389    381.754
       221361.0  46.97935363611  15.42792804444    382.250
       221362.0  46.97934008333  15.42787017222    382.611
       221363.0  46.97932830556  15.42780550000    381.980
       221364.0  46.97931131944  15.42775835000    381.888
       221365.0  46.97928446944  15.42771706667    381.726
       221366.0  46.97924736111  15.42770208889    382.268
       221367.0  46.97921717778  15.42772339722    381.713
       221368.0  46.97920252222  15.42777544444    380.845
       221369.0  46.97921168611  15.42782545000    381.250
       221370.0  46.97922582500  15.42788078611    381.555
       221371.0  46.97923634444  15.42793593333    381.848
       221372.0  46.97924842778  15.42799321389    381.780
       221373.0  46.97925996389  15.42804880556    381.860
       221374.0  46.97927093889  15.42809953056    382.512
       221375.0  46.97927936389  15.42814122500    382.461
       221376.0  46.97928469167  15.42817965278    382.728
       221377.0  46.97929261944  15.42820350278    382.384
       221378.0  46.97929618056  15.42821581944    382.488
       221379.0  46.97929714722  15.42821791111    382.004
       221380.0  46.97929563333  15.42821301944    382.357
       221381.0  46.97929853056  15.42821656667    382.588
       221382.0  46.97930052778  15.42821806389    381.822
       221383.0  46.97930038889  15.42821646944    381.380
       221384.0  46.97930017222  15.42821619444    381.110
       221385.0  46.97929941389  15.42821975278    381.316
       221386.0  46.97929496389  15.42821494167    381.946
       221387.0  46.97929808889  15.42821817222    381.560
       221388.0  46.97929936667  15.42821649722    381.147
       221389.0  46.97929993333  15.42821898889    381.677
       221390.0  46.97929776389  15.42821451667    382.111
       221391.0  46.97929761944  15.42822018056    381.744
       221392.0  46.97929841389  15.42822212778    381.605
       221393.0  46.97929837778  15.42821995556    381.255
       221394.0  46.97929704444  15.42821850000    382.075
       221395.0  46.97929351111  15.42821736667    381.793
       221396.0  46.97929574167  15.42821807222    381.903
       221397.0  46.97929475000  15.42822128333    381.317
       221398.0  46.97929966389  15.42821803889    380.688
       221399.0  46.97930206944  15.42821520278    381.082
       221400.0  46.97930215000  15.42822115278    381.297
       221401.0  46.97929994444  15.42821972222    381.476
       221402.0  46.97929887500  15.42821289167    381.376
       221403.0  46.97929913056  15.42821770000    380.951
       221404.0  46.97929917500  15.42821968889    381.118
       221405.0  46.97930157500  15.42821727222    381.334
       221406.0  46.97929959167  15.42821750833    381.362
       221407.0  46.97930014444  15.42822186389    381.877
       221408.0  46.97930175000  15.42822013889    381.305
       221409.0  46.97930121389  15.42822246667    381.568
       221410.0  46.97929853333  15.42822160833    381.991
       221411.0  46.97929288889  15.42821829167    382.193
       221412.0  46.97929545000  15.42821611667    382.343
       221413.0  46.97929571389  15.42821475000    382.389
       221414.0  46.97929582778  15.42821493333    382.139
       221415.0  46.97929874167  15.42821924167    382.413
       221416.0  46.97929454444  15.42821955833    382.445
       221417.0  46.97929903056  15.42822027222    382.225
       221418.0  46.97929891667  15.42821840556    382.240
       221419.0  46.97929718611  15.42822017222    382.191
       221420.0  46.97929727500  15.42821665000    381.720
       221421.0  46.97929876389  15.42822152778    382.418
       221422.0  46.97929924444  15.42822074167    381.498
       221423.0  46.97929583889  15.42822272500    380.862
       221424.0  46.97929725556  15.42821803333    381.135
       221425.0  46.97930069444  15.42821529722    381.499
       221426.0  46.97929782222  15.42821951667    381.942
       221427.0  46.97929907222  15.42821855278    382.644
       221428.0  46.97929766111  15.42821701389    382.738
       221429.0  46.97929796944  15.42821507500    382.124
       221430.0  46.97930236944  15.42821618889    381.576
       221431.0  46.97929993333  15.42821534444    382.205
       221432.0  46.97930209722  15.42821578333    382.092
       221433.0  46.97929961111  15.42821808056    382.347
       221434.0  46.97930020000  15.42821617500    382.151
       221435.0  46.97930209722  15.42821460833    381.499
       221436.0  46.97929984167  15.42821718056    381.147
       221437.0  46.97929645833  15.42821990278    380.955
       221438.0  46.97929646389  15.42821690000    381.718
       221439.0  46.97929985000  15.42821816111    381.515
       221440.0  46.97929758611  15.42821744722    382.101
       221441.0  46.97929367778  15.42821932778    382.214
       221442.0  46.97929806111  15.42822162778    381.695
       221443.0  46.97929643889  15.42821989444    382.731
       221444.0  46.97930036944  15.42821920556    382.220
       221445.0  46.97929860278  15.42822178333    381.600
       221446.0  46.97929864444  15.42821761667    381.504
       221447.0  46.97929845833  15.42821805833    381.616
       221448.0  46.97929630556  15.42821483611    382.795
       221449.0  46.97929763889  15.42821392222    383.657
       221450.0  46.97929687500  15.42822206667    383.155
       221451.0  46.97930055000  15.42823395833    381.284
       221452.0  46.97930677222  15.42825488333    381.482
       221453.0  46.97931681944  15.42829103889    382.306
       221454.0  46.97933223056  15.42832796944    382.256
       221455.0  46.97934755000  15.42836169167    381.820
       221456.0  46.97937019444  15.42839722222    381.057
       221457.0  46.97938868333  15.42844119444    381.744
       221458.0  46.97940894444  15.42849128889    382.300
       221459.0  46.97942466944  15.42853813611    382.084
       221460.0  46.97944161389  15.42858556944    383.163
       221461.0  46.97947050278  15.42863599444    382.759
       221462.0  46.97949943056  15.42869376111    382.845
       221463.0  46.97952741667  15.42875697222    382.205
       221464.0  46.97954761667  15.42882172778    382.500
       221465.0  46.97956588889  15.42889589722    383.485
       221466.0  46.97958457222  15.42897181944    382.649
       221467.0  46.97959858056  15.42904584722    381.962
       221468.0  46.97960906667  15.42913015000    382.613
       221469.0  46.97961234444  15.42920799444    383.663
       221470.0  46.97958944444  15.42926042778    385.033
       221471.0  46.97958304444  15.42934360833    382.382
       221472.0  46.97954236111  15.42939526389    381.644
       221473.0  46.97948802778  15.42942708056    381.108
       221474.0  46.97943320000  15.42943670000    381.896
       221475.0  46.97937657222  15.42944423889    381.786
       221476.0  46.97932091389  15.42945445278    382.233
       221477.0  46.97926275000  15.42947375000    382.018
       221478.0  46.97920835833  15.42949864444    381.370
       221479.0  46.97915427222  15.42952743056    380.917
       221480.0  46.97909387778  15.42955629167    380.466
       221481.0  46.97903519444  15.42958810000    380.185
       221482.0  46.97896720278  15.42961434444    381.119
       221483.0  46.97890507500  15.42964055556    382.313
       221484.0  46.97883783889  15.42967238333    383.193
       221485.0  46.97877590278  15.42970542778    383.221
       221486.0  46.97871081389  15.42974201389    383.227
       221487.0  46.97864920278  15.42977410833    382.734
       221488.0  46.97858486667  15.42980203889    382.666
       221489.0  46.97851795000  15.42983571944    382.814
       221490.0  46.97846057222  15.42986758889    382.402
       221491.0  46.97840661944  15.42990446944    382.545
       221492.0  46.97833821389  15.42991745833    381.899
       221493.0  46.97827974444  15.42989343056    382.199
       221494.0  46.97823240000  15.42984856944    382.450
       221495.0  46.97819933611  15.42978143889    382.183
       221496.0  46.97818091944  15.42968755556    382.440
       221497.0  46.97816922500  15.42959916667    383.064
       221498.0  46.97815482778  15.42950196944    382.409
       221499.0  46.97813813889  15.42940621944    382.035
       221500.0  46.97812146667  15.42930615556    381.453
       221501.0  46.97810039722  15.42920624722    382.020
       221502.0  46.97807925000  15.42911121667    382.274
       221503.0  46.97805724444  15.42901677778    382.653
       221504.0  46.97803213611  15.42891861667    382.754
       221505.0  46.97799250833  15.42884066667    380.323
       221506.0  46.97799297222  15.42873853611    379.390
       221507.0  46.97796569167  15.42864269444    379.735
       221508.0  46.97796946944  15.42852333611    382.192
       221509.0  46.97790068889  15.42845335000    381.231
       221510.0  46.97786678611  15.42835410278    381.002
       221511.0  46.97786897222  15.42822538056    382.654
       221512.0  46.97783891944  15.42813169722    381.947
       221513.0  46.97781033611  15.42803101944    382.290
       221514.0  46.97778976389  15.42792373889    383.520
       221515.0  46.97775179167  15.42783031667    383.111
       221516.0  46.97772172222  15.42773603889    382.564
       221517.0  46.97770073889  15.42763195278    382.292
       221518.0  46.97767161944  15.42752333889    382.763
       221519.0  46.97764549722  15.42741890556    382.482
       221520.0  46.97762205556  15.42731125000    382.299
       221521.0  46.97759166667  15.42720709722    381.998
       221522.0  46.97756888056  15.42709757500    382.879
       221523.0  46.97755128333  15.42698981389    382.280
       221524.0  46.97753025278  15.42688634444    382.796
       221525.0  46.97750273889  15.42677577222    382.281
       221526.0  46.97747751667  15.42666451667    382.282
       221527.0  46.97745295278  15.42655404444    381.603
       221528.0  46.97742908056  15.42644337500    381.355
       221529.0  46.97740307222  15.42632672500    382.420
       221530.0  46.97737956944  15.42621406389    383.202
       221531.0  46.97735266389  15.42610240278    383.418
       221532.0  46.97733437222  15.42598663889    383.176
       221533.0  46.97730666389  15.42587970278    382.981
       221534.0  46.97728881389  15.42577563056    382.490
       221535.0  46.97728380278  15.42568113056    383.058
       221536.0  46.97729846389  15.42559813333    382.553
       221537.0  46.97733343611  15.42551985556    382.170
       221538.0  46.97738880278  15.42545770833    381.843
       221539.0  46.97744545278  15.42540679167    381.786
       221540.0  46.97750890556  15.42535122778    382.013
       221541.0  46.97757259167  15.42529185556    381.916
       221542.0  46.97763566111  15.42524415000    381.232
       221543.0  46.97770023056  15.42518165000    381.176
       221544.0  46.97776156944  15.42512015278    380.701
       221545.0  46.97782361389  15.42505909722    380.449
       221546.0  46.97788380833  15.42500143611    381.543
       221547.0  46.97794736111  15.42495100278    382.432
       221548.0  46.97801228611  15.42489332222    382.557
       221549.0  46.97808053333  15.42483751111    381.526
       221550.0  46.97814773056  15.42478888611    381.154
       221551.0  46.97821417778  15.42472857778    381.215
       221552.0  46.97828249722  15.42467962500    381.891
       221553.0  46.97835076389  15.42462534722    382.399
       221554.0  46.97841631111  15.42456610278    382.442
       221555.0  46.97847926111  15.42450521111    382.634
       221556.0  46.97854330000  15.42444638611    382.968
       221557.0  46.97860867778  15.42439088611    382.927
       221558.0  46.97867481667  15.42433308889    382.079
       221559.0  46.97874070556  15.42427894722    382.506
       221560.0  46.97879981944  15.42422208056    382.585
       221561.0  46.97886243333  15.42416908333    383.176
       221562.0  46.97892318889  15.42411509167    383.117
       221563.0  46.97898401111  15.42406238333    383.419
       221564.0  46.97904104722  15.42400561944    382.743
       221565.0  46.97910115833  15.42394930833    382.781
       221566.0  46.97916086667  15.42389856944    382.794
       221567.0  46.97922035000  15.42384640556    381.991
       221568.0  46.97928290278  15.42379464167    381.911
       221569.0  46.97933995556  15.42374546389    381.360
       221570.0  46.97939648056  15.42369442222    381.271
       221571.0  46.97945070000  15.42364125833    382.126
       221572.0  46.97950756389  15.42359251389    382.022
       221573.0  46.97955994722  15.42354740556    383.348
       221574.0  46.97961086944  15.42350028889    383.758
       221575.0  46.97966173889  15.42347261944    385.025
       221576.0  46.97970984444  15.42341730833    383.355
       221577.0  46.97975929167  15.42337037500    382.511
       221578.0  46.97980956944  15.42331544722    382.971
       221579.0  46.97986481389  15.42325836111    384.375
       221580.0  46.97992082500  15.42319560278    383.517
       221581.0  46.97997608889  15.42313096944    381.930
       221582.0  46.98004220000  15.42306859444    381.436
       221583.0  46.98010370278  15.42302093333    382.391
       221584.0  46.98016367778  15.42296320556    383.076
       221585.0  46.98022334167  15.42290587222    382.625
       221586.0  46.98029116944  15.42285573611    382.178
       221587.0  46.98035507222  15.42280036944    382.246
       221588.0  46.98041677778  15.42273784722    381.192
       221589.0  46.98047880278  15.42268769444    381.585
       221590.0  46.98053805278  15.42261620556    379.387
       221591.0  46.98060193611  15.42257720278    379.768
       221592.0  46.98065756944  15.42250689444    377.404
       221593.0  46.98072016944  15.42247143333    380.355
       221594.0  46.98077529722  15.42241305556    380.668
       221595.0  46.98083526111  15.42236767778    383.233
       221596.0  46.98089292778  15.42232009444    385.559
       221597.0  46.98095214444  15.42227216944    385.282
       221598.0  46.98101901667  15.42221913333    385.025
       221599.0  46.98108404167  15.42217086667    384.664
       221600.0  46.98114410000  15.42210448889    382.311
       221601.0  46.98120853333  15.42205905556    382.527
       221602.0  46.98126967778  15.42200613611    382.777
       221603.0  46.98133035556  15.42194795556    383.180
       221604.0  46.98139138611  15.42189035833    383.202
       221605.0  46.98144951111  15.42183832778    382.590
       221606.0  46.98150733611  15.42178119722    382.836
       221607.0  46.98156720000  15.42172769444    382.212
       221608.0  46.98162585833  15.42166711667    381.235
       221609.0  46.98168123611  15.42161617500    382.615
       221610.0  46.98174089444  15.42156697222    383.510
       221611.0  46.98179713611  15.42150537778    384.459
       221612.0  46.98185580278  15.42145208056    385.490
       221613.0  46.98192125000  15.42140633889    384.281
       221614.0  46.98198452222  15.42135628333    383.086
       221615.0  46.98204341111  15.42129541111    382.922
       221616.0  46.98210747500  15.42125132778    383.952
       221617.0  46.98217127222  15.42118889444    383.438
       221618.0  46.98223341667  15.42112821667    383.743
       221619.0  46.98229459722  15.42107393611    383.678
       221620.0  46.98235641944  15.42101588611    383.645
       221621.0  46.98241580833  15.42095837222    383.530
       221622.0  46.98248205000  15.42090543333    383.876
       221623.0  46.98254580556  15.42085970278    383.727
       221624.0  46.98261079167  15.42083267778    383.195
       221625.0  46.98267662500  15.42083522222    383.404
       221626.0  46.98274144722  15.42084791389    384.200
       221627.0  46.98280157778  15.42086698611    384.457
       221628.0  46.98285416944  15.42089379722    383.584
       221629.0  46.98289747500  15.42092668611    383.718
       221630.0  46.98293073056  15.42096020000    382.835
       221631.0  46.98297221111  15.42097045000    381.720
       221632.0  46.98300257778  15.42095915556    382.479
       221633.0  46.98302155000  15.42092488056    383.660
       221634.0  46.98302116944  15.42087630556    383.965
       221635.0  46.98301305833  15.42082078889    382.690
       221636.0  46.98299685000  15.42076441667    382.464
       221637.0  46.98296239722  15.42071283611    382.915
       221638.0  46.98292233056  15.42065990000    383.274
       221639.0  46.98286731111  15.42062970000    383.432
       221640.0  46.98280584722  15.42061588611    383.045
       221641.0  46.98273199722  15.42059670556    382.248
       221642.0  46.98265954722  15.42060541389    383.089
       221643.0  46.98258480000  15.42063138333    383.390
       221644.0  46.98250499444  15.42067059444    383.185
       221645.0  46.98242439722  15.42071994444    382.764
       221646.0  46.98234302500  15.42078321389    383.088
       221647.0  46.98225607778  15.42085694722    383.063
       221648.0  46.98216878056  15.42092646944    383.046
       221649.0  46.98208492500  15.42099930000    383.519
       221650.0  46.98200148889  15.42107184444    384.091
       221651.0  46.98191834444  15.42114434444    384.261
       221652.0  46.98183007778  15.42121672222    383.791
       221653.0  46.98175038333  15.42129223333    383.875
       221654.0  46.98166590833  15.42137178889    382.918
       221655.0  46.98158225833  15.42144771944    382.991
       221656.0  46.98149474167  15.42152609722    383.796
       221657.0  46.98139865000  15.42160139722    383.337
       221658.0  46.98131344167  15.42168530833    382.870
       221659.0  46.98122871389  15.42175953889    383.236
       221660.0  46.98113792500  15.42184205000    382.842
       221661.0  46.98104973889  15.42192018333    382.610
       221662.0  46.98096207222  15.42199982222    381.766
       221663.0  46.98087164444  15.42207685000    382.431
       221664.0  46.98078242500  15.42214855000    382.951
       221665.0  46.98069596944  15.42222114444    383.253
       221666.0  46.98060384167  15.42230732500    382.153
       221667.0  46.98051906667  15.42238955000    382.374
       221668.0  46.98043060833  15.42247144444    382.564
       221669.0  46.98034376389  15.42254873333    382.501
       221670.0  46.98025889167  15.42262205000    382.882
       221671.0  46.98017607778  15.42269863889    383.693
       221672.0  46.98009008611  15.42277443333    383.654
       221673.0  46.98001040000  15.42284703333    383.758
       221674.0  46.97993688889  15.42290918333    383.092
       221675.0  46.97987055556  15.42297015278    383.079
       221676.0  46.97981720833  15.42302578333    382.858
       221677.0  46.97977290278  15.42310048333    383.286
       221678.0  46.97973616944  15.42317999722    383.543
       221679.0  46.97969659167  15.42326203611    382.979
       221680.0  46.97963920556  15.42335198056    382.574
       221681.0  46.97957803889  15.42344649167    382.269
       221682.0  46.97950978889  15.42351719722    383.003
       221683.0  46.97943647500  15.42359346667    382.620
       221684.0  46.97935463889  15.42367904722    383.097
       221685.0  46.97926861944  15.42376395000    383.016
       221686.0  46.97918442222  15.42385263333    383.620
       221687.0  46.97909445278  15.42394051667    383.507
       221688.0  46.97900368333  15.42402224444    382.765
       221689.0  46.97891651111  15.42410373333    382.202
       221690.0  46.97882616944  15.42418060000    382.322
       221691.0  46.97873573056  15.42426136111    382.051
       221692.0  46.97864721944  15.42433748889    382.373
       221693.0  46.97855343333  15.42441554444    382.248
       221694.0  46.97846215000  15.42449747500    382.209
       221695.0  46.97836978056  15.42458128333    382.113
       221696.0  46.97827827778  15.42466856111    381.643
       221697.0  46.97818783889  15.42474582500    381.488
       221698.0  46.97809423889  15.42482344722    381.038
       221699.0  46.97800246667  15.42490360556    382.052
       221700.0  46.97790750278  15.42498573889    382.285
       221701.0  46.97781620000  15.42507092222    381.900
       221702.0  46.97772586667  15.42515615278    382.417
       221703.0  46.97763628056  15.42523186389    381.830
       221704.0  46.97755631944  15.42530646944    381.394
       221705.0  46.97747453333  15.42537268889    381.176
       221706.0  46.97740195556  15.42543778056    381.836
       221707.0  46.97734017778  15.42550866111    382.065
       221708.0  46.97729499167  15.42558538333    382.095
       221709.0  46.97727063889  15.42567401667    382.224
       221710.0  46.97727446667  15.42576690556    381.322
       221711.0  46.97728913056  15.42585683333    381.087
       221712.0  46.97731338889  15.42594679444    380.930
       221713.0  46.97733873889  15.42605326389    380.936
       221714.0  46.97736032222  15.42617297222    381.250
       221715.0  46.97738572778  15.42629397222    381.592
       221716.0  46.97741159167  15.42642144722    381.918
       221717.0  46.97744122500  15.42654866944    381.467
       221718.0  46.97746845278  15.42668261944    380.547
       221719.0  46.97749611389  15.42682381667    379.945
       221720.0  46.97753066667  15.42695674444    380.937
       221721.0  46.97755277500  15.42709310833    382.437
       221722.0  46.97758265556  15.42722730278    382.755
       221723.0  46.97761057778  15.42737019167    382.056
       221724.0  46.97764511667  15.42750586389    382.146
       221725.0  46.97767694722  15.42764159722    381.629
       221726.0  46.97771256111  15.42777693889    381.746
       221727.0  46.97774568056  15.42790771389    382.795
       221728.0  46.97779497222  15.42802651667    383.827
       221729.0  46.97781676111  15.42816185833    384.194
       221730.0  46.97782105833  15.42831974722    381.828
       221731.0  46.97784820000  15.42846155556    381.147
       221732.0  46.97784270833  15.42861602778    380.721
       221733.0  46.97785362222  15.42874688333    380.710
       221734.0  46.97795123611  15.42881792222    382.555
       221735.0  46.97799802500  15.42892094167    382.359
       221736.0  46.97799017778  15.42904184444    381.567
       221737.0  46.97803692778  15.42912346667    381.802
       221738.0  46.97807230556  15.42921138056    381.524
       221739.0  46.97809892778  15.42929772500    381.959
       221740.0  46.97812263056  15.42939034444    381.328
       221741.0  46.97814670000  15.42948713611    380.891
       221742.0  46.97817125278  15.42957490833    380.832
       221743.0  46.97819043333  15.42966950000    381.353
       221744.0  46.97821112222  15.42975810556    381.833
       221745.0  46.97823983333  15.42983889444    382.466
       221746.0  46.97827795833  15.42990275833    382.608
       221747.0  46.97832787222  15.42994521667    383.162
       221748.0  46.97838894167  15.42996420833    383.287
       221749.0  46.97844865556  15.42995438889    383.564
       221750.0  46.97851406667  15.42992102500    382.768
       221751.0  46.97857434444  15.42987790000    382.631
       221752.0  46.97863405833  15.42983478889    382.897
       221753.0  46.97869943611  15.42980189167    382.667
       221754.0  46.97876622500  15.42976889444    381.877
       221755.0  46.97883575833  15.42973342500    380.759
       221756.0  46.97890236389  15.42969821667    380.413
       221757.0  46.97897272222  15.42966693889    381.592
       221758.0  46.97903147500  15.42962599722    381.953
       221759.0  46.97909886667  15.42959180556    382.070
       221760.0  46.97916425278  15.42955520278    381.280
       221761.0  46.97922501111  15.42952431667    381.844
       221762.0  46.97928983889  15.42949225000    382.870
       221763.0  46.97935444167  15.42945784444    383.351
       221764.0  46.97940783889  15.42943925278    383.130
       221765.0  46.97947221389  15.42942284167    382.088
       221766.0  46.97953033333  15.42939455000    382.582
       221767.0  46.97957585000  15.42935585278    383.532
       221768.0  46.97960045833  15.42928951389    384.255
       221769.0  46.97961827222  15.42921915278    383.733
       221770.0  46.97962334444  15.42913943889    382.942
       221771.0  46.97960322222  15.42905977778    382.854
       221772.0  46.97958444167  15.42897431389    381.537
       221773.0  46.97956550833  15.42888841389    381.563
       221774.0  46.97954234722  15.42880270833    381.786
       221775.0  46.97951734167  15.42871028056    382.066
       221776.0  46.97948866389  15.42862439167    382.025
       221777.0  46.97946074167  15.42854037222    381.762
       221778.0  46.97944383889  15.42845151944    382.057
       221779.0  46.97942334444  15.42837998611    381.520
       221780.0  46.97940484722  15.42830391944    382.073
       221781.0  46.97938803611  15.42824297778    381.460
       221782.0  46.97937487778  15.42818235278    381.904
       221783.0  46.97936456389  15.42814353056    382.630
       221784.0  46.97936406667  15.42812619167    381.830
       221785.0  46.97936782778  15.42812361389    381.087
       221786.0  46.97936583333  15.42811696667    380.645
       221787.0  46.97936514722  15.42811838333    380.662
       221788.0  46.97936718056  15.42811629444    380.406
       221789.0  46.97936786944  15.42811647778    380.967
       221790.0  46.97936566667  15.42812030000    381.594
       221791.0  46.97936405000  15.42811374444    381.675
       221792.0  46.97936395000  15.42811366944    381.579
       221793.0  46.97936488056  15.42811794167    381.717
       221794.0  46.97936079722  15.42811543889    382.403
       221795.0  46.97935766667  15.42811660833    382.478
       221796.0  46.97936180833  15.42811602222    381.904
       221797.0  46.97936036944  15.42811831667    382.396
       221798.0  46.97936086389  15.42812144167    381.316
       221799.0  46.97936099167  15.42812313889    380.546
       221800.0  46.97936282500  15.42811688333    380.304
       221801.0  46.97936068056  15.42811928611    379.992
       221802.0  46.97936428889  15.42812033333    379.975
       221803.0  46.97936856944  15.42811873056    380.826
       221804.0  46.97936394722  15.42811400278    381.839
       221805.0  46.97936383611  15.42811570278    381.715
       221806.0  46.97936456111  15.42811409444    381.393
       221807.0  46.97936589444  15.42811673333    381.273
       221808.0  46.97936257222  15.42811787222    381.160
       221809.0  46.97936535556  15.42811650556    381.284
       221810.0  46.97936414167  15.42811815556    381.690
       221811.0  46.97936113333  15.42811792500    381.698
       221812.0  46.97936079167  15.42811692778    382.456
       221813.0  46.97936257500  15.42811548889    382.284
       221814.0  46.97936135000  15.42811810278    382.866
       221815.0  46.97936534722  15.42811639444    382.870
       221816.0  46.97936444444  15.42811303889    382.172
       221817.0  46.97936268889  15.42811458611    381.832
       221818.0  46.97936092222  15.42811471944    381.685
       221819.0  46.97936336944  15.42811566944    381.734
       221820.0  46.97936422222  15.42811616389    382.197
       221821.0  46.97936224167  15.42811893611    381.416
       221822.0  46.97936630000  15.42812091389    381.420
       221823.0  46.97936171389  15.42812263056    381.200
       221824.0  46.97936045000  15.42812316111    381.572
       221825.0  46.97936156944  15.42811835556    381.912
       221826.0  46.97935783333  15.42811954444    381.751
       221827.0  46.97936096667  15.42811984167    380.515
       221828.0  46.97936634444  15.42811800278    379.981
       221829.0  46.97936548611  15.42812138333    380.214
       221830.0  46.97936456944  15.42811731944    381.109
       221831.0  46.97936256389  15.42811851667    380.984
       221832.0  46.97936459167  15.42811629167    381.738
       221833.0  46.97936556944  15.42811830833    382.494
       221834.0  46.97936353333  15.42811991389    382.328
       221835.0  46.97936458611  15.42812000556    382.357
       221836.0  46.97936313056  15.42811778056    381.740
       221837.0  46.97936261389  15.42811728056    382.110
       221838.0  46.97936316944  15.42812018889    381.996
       221839.0  46.97936625278  15.42812428889    380.895
       221840.0  46.97936882778  15.42811929722    380.494
       221841.0  46.97936552778  15.42811342222    380.910
       221842.0  46.97936443333  15.42811436667    381.626
       221843.0  46.97936427222  15.42811065278    381.228
       221844.0  46.97936626389  15.42811632222    381.297
       221845.0  46.97936647778  15.42811469722    381.545
       221846.0  46.97936403333  15.42811768333    381.874
       221847.0  46.97936426667  15.42811476389    381.534
       221848.0  46.97936298611  15.42811422500    380.865
       221849.0  46.97936347222  15.42811756111    380.343
       221850.0  46.97936358333  15.42811232778    380.265
       221851.0  46.97936499722  15.42811249444    380.824
       221852.0  46.97936711944  15.42811250833    380.660
       221853.0  46.97936361111  15.42811404444    379.824
       221854.0  46.97936288889  15.42811797500    380.642
       221855.0  46.97936030000  15.42811490556    381.273
       221856.0  46.97936108611  15.42811483611    381.242
       221857.0  46.97936331389  15.42811771944    380.952
       221858.0  46.97936436111  15.42811957500    381.642
       221859.0  46.97936364167  15.42811737500    382.237
       221860.0  46.97936477500  15.42811840278    381.580
       221861.0  46.97936447500  15.42812149167    380.634
       221862.0  46.97936304444  15.42811861111    380.093
       221863.0  46.97936079167  15.42811184444    380.968
       221864.0  46.97935934722  15.42811422778    381.907
       221865.0  46.97935975278  15.42811781667    381.777
       221866.0  46.97936037500  15.42811852500    381.664
       221867.0  46.97936255833  15.42811703333    380.471
       221868.0  46.97936354722  15.42811921389    379.822
       221869.0  46.97936540278  15.42812270833    381.025
       221870.0  46.97936386111  15.42811755833    381.713
       221871.0  46.97936402778  15.42812046389    383.045
       221872.0  46.97936556667  15.42811627222    383.124
       221873.0  46.97936546667  15.42811550556    383.460
       221874.0  46.97935928611  15.42811387500    382.325
       221875.0  46.97936127778  15.42811553333    381.270
       221876.0  46.97936057500  15.42811614722    381.472
       221877.0  46.97936096111  15.42811752778    381.596
       221878.0  46.97936187778  15.42811276667    381.982
       221879.0  46.97936072222  15.42811267222    382.457
       221880.0  46.97936085833  15.42811271389    382.879
       221881.0  46.97936179444  15.42811230278    382.899
       221882.0  46.97936175000  15.42812005833    382.110
       221883.0  46.97936337500  15.42811615278    382.089
       221884.0  46.97936572222  15.42811593611    381.752
       221885.0  46.97936436389  15.42811453611    381.717
       221886.0  46.97936237778  15.42811856944    381.032
       221887.0  46.97936635556  15.42811820278    381.629
       221888.0  46.97936632778  15.42811983333    381.239
       221889.0  46.97936280000  15.42811331667    381.284
       221890.0  46.97936354444  15.42811210556    380.844
       221891.0  46.97936365833  15.42811547222    380.729
       221892.0  46.97936215556  15.42811709167    381.899
       221893.0  46.97936303056  15.42811724167    382.322
       221894.0  46.97936287222  15.42811732222    381.832
       221895.0  46.97936748333  15.42811628611    381.088
       221896.0  46.97936437500  15.42811851111    380.874
       221897.0  46.97936066944  15.42811609444    381.227
       221898.0  46.97936079167  15.42811523611    382.013
       221899.0  46.97935833333  15.42811255000    382.691
       221900.0  46.97935741667  15.42811755556    383.332
       221901.0  46.97936051389  15.42811095556    383.073
       221902.0  46.97936110278  15.42811449444    382.151
       221903.0  46.97936386389  15.42811211667    381.818
       221904.0  46.97936089444  15.42811746111    382.169
       221905.0  46.97936717500  15.42812061389    382.023
       221906.0  46.97936845556  15.42811803889    380.658
       221907.0  46.97936919444  15.42811649444    380.456
       221908.0  46.97936995833  15.42811675278    381.176
       221909.0  46.97936677222  15.42812075278    381.495
       221910.0  46.97936697500  15.42812124444    381.807
       221911.0  46.97936422222  15.42811519444    381.843
       221912.0  46.97936429444  15.42811632778    381.524
       221913.0  46.97936672500  15.42811456111    381.651
       221914.0  46.97936321667  15.42811432500    381.300
       221915.0  46.97936693611  15.42811574444    380.971
       221916.0  46.97936548333  15.42811466944    380.980
       221917.0  46.97936666111  15.42811454722    381.231
       221918.0  46.97936246111  15.42811775556    381.693
       221919.0  46.97936380000  15.42811409444    382.739
       221920.0  46.97936121111  15.42812296389    383.148
       221921.0  46.97936130278  15.42811340833    382.711
       221922.0  46.97936386944  15.42811320833    382.419
       221923.0  46.97936661111  15.42811639444    381.567
       221924.0  46.97936385278  15.42811827500    381.463
       221925.0  46.97936308056  15.42812244167    380.615
       221926.0  46.97936173333  15.42811927222    380.143
       221927.0  46.97935995833  15.42811642778    380.909
       221928.0  46.97935867778  15.42811695833    381.514
       221929.0  46.97936185833  15.42811662222    381.503
       221930.0  46.97936331667  15.42811582778    381.045
       221931.0  46.97936024167  15.42811657500    380.779
       221932.0  46.97936333333  15.42811613056    381.466
       221933.0  46.97936433889  15.42812205000    381.925
       221934.0  46.97936185278  15.42812161111    382.165
       221935.0  46.97936100833  15.42811755000    381.475
       221936.0  46.97936274722  15.42811761389    380.515
       221937.0  46.97936092778  15.42811756111    381.251
       221938.0  46.97936055833  15.42811721667    381.404
       221939.0  46.97936005833  15.42811537222    381.769
       221940.0  46.97936556111  15.42811814167    381.728
       221941.0  46.97936551389  15.42811669722    381.871
       221942.0  46.97936382222  15.42811945556    381.242
       221943.0  46.97936221667  15.42811696111    381.201
       221944.0  46.97936341389  15.42811412778    380.693
       221945.0  46.97936127222  15.42811332500    381.286
       221946.0  46.97936422500  15.42811636667    380.875
       221947.0  46.97936493889  15.42811884444    381.147
       221948.0  46.97936392778  15.42812102222    381.513
       221949.0  46.97936131111  15.42811889167    381.929
       221950.0  46.97936101111  15.42811400000    382.667
       221951.0  46.97936153889  15.42811167500    382.536
       221952.0  46.97935936389  15.42811692222    382.795
       221953.0  46.97936178333  15.42811685000    381.984
       221954.0  46.97936258056  15.42811368889    381.238
       221955.0  46.97936715556  15.42811830278    381.113
       221956.0  46.97936731667  15.42811994167    380.748
       221957.0  46.97936862500  15.42811322222    381.133
       221958.0  46.97936440278  15.42811715278    381.486
       221959.0  46.97936211944  15.42811596944    381.107
       221960.0  46.97936439167  15.42811653333    381.127
       221961.0  46.97936195278  15.42812087500    380.853
       221962.0  46.97936591389  15.42811470833    380.833
       221963.0  46.97936603889  15.42811352778    380.892
       221964.0  46.97936895833  15.42811557222    380.848
       221965.0  46.97936747778  15.42811986944    381.182
       221966.0  46.97936516111  15.42811518056    381.606
       221967.0  46.97936581667  15.42811048056    381.999
       221968.0  46.97936678611  15.42811193889    381.799
       221969.0  46.97936743611  15.42811491111    380.457
       221970.0  46.97936819722  15.42811452222    379.564
       221971.0  46.97936904167  15.42811776111    379.497
       221972.0  46.97936884722  15.42811619722    379.735
       221973.0  46.97936896667  15.42811953056    380.391
       221974.0  46.97936955000  15.42811988889    381.329
       221975.0  46.97936342778  15.42811887222    381.827
       221976.0  46.97936308333  15.42811708889    382.120
       221977.0  46.97936049722  15.42811818333    382.398
       221978.0  46.97936295833  15.42811527500    382.586
       221979.0  46.97936033056  15.42811315278    382.866
       221980.0  46.97936181667  15.42811575556    382.339
       221981.0  46.97936138611  15.42811867778    381.632
       221982.0  46.97935895556  15.42811662778    380.824
       221983.0  46.97936440000  15.42811576944    381.108
       221984.0  46.97936346667  15.42812115833    381.795
       221985.0  46.97936140278  15.42811983889    382.724
       221986.0  46.97936153611  15.42811692778    383.339
       221987.0  46.97935906667  15.42811362500    383.942
       221988.0  46.97936128333  15.42811731111    383.582
       221989.0  46.97935751389  15.42811591389    383.438
       221990.0  46.97936025556  15.42811453611    382.893
       221991.0  46.97936357500  15.42811644167    382.356
       221992.0  46.97936222500  15.42811483333    381.897
       221993.0  46.97936253333  15.42811525278    381.936
       221994.0  46.97936123889  15.42811695833    381.811
       221995.0  46.97935926667  15.42811625000    381.493
       221996.0  46.97936455000  15.42811543889    381.239
       221997.0  46.97936286111  15.42812135000    381.619
       221998.0  46.97936405556  15.42812357222    381.984
       221999.0  46.97936656667  15.42811805556    381.383
       222000.0  46.97936230000  15.42811546667    380.620
       222001.0  46.97936631944  15.42811547778    380.992
       222002.0  46.97936612500  15.42811659722    382.014
       222003.0  46.97936553333  15.42811395833    382.086
       222004.0  46.97936224167  15.42811232500    381.107
       222005.0  46.97936351111  15.42811319444    380.844
       222006.0  46.97936248056  15.42811686667    380.696
       222007.0  46.97936206667  15.42811200000    381.559
       222008.0  46.97936207222  15.42811681389    381.695
       222009.0  46.97936442500  15.42811780833    380.901
       222010.0  46.97936529722  15.42811716944    380.714
       222011.0  46.97936828333  15.42811300278    380.639
       222012.0  46.97936997778  15.42811535000    380.707
       222013.0  46.97936792778  15.42811582222    380.893
       222014.0  46.97936423333  15.42811888056    382.120
       222015.0  46.97936009167  15.42811814722    382.345
       222016.0  46.97935906111  15.42811558611    383.290
       222017.0  46.97935982778  15.42811499722    383.138
       222018.0  46.97935996389  15.42811490278    382.265
       222019.0  46.97936417500  15.42811152222    381.489
       222020.0  46.97936318056  15.42811228333    381.076
       222021.0  46.97936567222  15.42811651111    380.978
       222022.0  46.97936478333  15.42811395278    381.270
       222023.0  46.97936290556  15.42812073056    382.146
       222024.0  46.97936267500  15.42811565000    381.867
       222025.0  46.97936420833  15.42811724444    381.859
       222026.0  46.97936542778  15.42811423889    380.998
       222027.0  46.97936757222  15.42812087778    380.829
       222028.0  46.97936571389  15.42811791389    380.832
       222029.0  46.97936569722  15.42811404167    381.265
       222030.0  46.97936424444  15.42811293333    382.326
       222031.0  46.97936393333  15.42811561667    382.410
       222032.0  46.97936110833  15.42811784167    381.695
       222033.0  46.97936263333  15.42811825833    381.179
       222034.0  46.97936491667  15.42811901389    380.752
       222035.0  46.97936638611  15.42811286389    381.170
       222036.0  46.97936563889  15.42811616389    381.183
       222037.0  46.97936908333  15.42811660556    381.079
       222038.0  46.97936895000  15.42811790278    380.344
       222039.0  46.97937005278  15.42812196111    380.452
       222040.0  46.97936621111  15.42811830278    381.015
       222041.0  46.97936208333  15.42812095833    382.328
       222042.0  46.97936208056  15.42811909444    382.978
       222043.0  46.97936247500  15.42811738889    382.993
       222044.0  46.97936451389  15.42811718889    382.591
       222045.0  46.97936645000  15.42810997500    382.321
       222046.0  46.97936444722  15.42810989444    382.320
       222047.0  46.97936333333  15.42811390000    381.148
       222048.0  46.97936439444  15.42811650833    380.923
       222049.0  46.97936394722  15.42811269167    381.552
       222050.0  46.97936550278  15.42811350556    381.595
       222051.0  46.97936560833  15.42811526389    381.426
       222052.0  46.97936582778  15.42811907500    382.421
       222053.0  46.97936092222  15.42811611389    382.331
       222054.0  46.97936686111  15.42811180833    382.405
       222055.0  46.97936620556  15.42811051944    381.717
       222056.0  46.97936318889  15.42811755833    381.458
       222057.0  46.97936279722  15.42811425000    381.828
       222058.0  46.97936222222  15.42811532778    381.947
       222059.0  46.97935803611  15.42811712222    382.177
       222060.0  46.97935976111  15.42811493889    382.453
       222061.0  46.97936193056  15.42811805556    382.547
       222062.0  46.97936147778  15.42811250000    382.252
       222063.0  46.97936300833  15.42811832778    381.837
       222064.0  46.97936526944  15.42812071111    381.688
       222065.0  46.97936808056  15.42811752500    381.826
       222066.0  46.97936369722  15.42812022222    382.059
       222067.0  46.97936348611  15.42811907500    382.888
       222068.0  46.97936573889  15.42811825556    383.065
       222069.0  46.97936652500  15.42812086111    382.077
       222070.0  46.97936328611  15.42811821389    382.149
       222071.0  46.97936510833  15.42811590556    381.874
       222072.0  46.97936641111  15.42811847778    381.763
       222073.0  46.97936413056  15.42811800556    382.278
       222074.0  46.97935980556  15.42811570833    382.374
       222075.0  46.97936031389  15.42811582778    382.318
       222076.0  46.97936470833  15.42811368333    382.217
       222077.0  46.97936576111  15.42811131667    381.876
       222078.0  46.97936665000  15.42811535833    381.523
       222079.0  46.97936286111  15.42811221667    381.488
       222080.0  46.97936216389  15.42811766111    382.349
       222081.0  46.97936324444  15.42812036111    383.044
       222082.0  46.97936261944  15.42811667778    383.040
       222083.0  46.97936335833  15.42811424722    382.470
       222084.0  46.97936356667  15.42811729722    381.297
       222085.0  46.97936328333  15.42811132778    380.920
       222086.0  46.97936062778  15.42811547778    381.583
       222087.0  46.97935810000  15.42811688889    381.925
       222088.0  46.97936240278  15.42811007500    381.897
       222089.0  46.97936356667  15.42811525833    382.388
       222090.0  46.97936015278  15.42811700278    381.828
       222091.0  46.97936251389  15.42811798889    381.963
       222092.0  46.97936290278  15.42811681667    382.164
       222093.0  46.97936243889  15.42811383056    381.979
       222094.0  46.97936113056  15.42811743333    382.176
       222095.0  46.97936428333  15.42811482222    382.209
       222096.0  46.97936496111  15.42811437500    382.042
       222097.0  46.97936727778  15.42811586944    382.094
       222098.0  46.97936615278  15.42811641111    381.790
       222099.0  46.97936615278  15.42811436389    381.106
       222100.0  46.97936696667  15.42811326389    381.375
